356289.041000
389339.917000
466698.666000
435756.875000
497963.209000
447312.958000
530234.500000
478113.541000
556433.042000
550005.875000
330877.292000
344512.791000
394981.542000
340157.417000
389684.042000
410301.166000
473626.083000
514309.000000
461810.500000
471208.708000
432775.500000
415463.167000
477512.292000
406978.292000
435670.000000
390867.958000
494548.958000
430990.292000
492373.667000
390885.875000
442113.708000
464787.208000
486186.708000
420588.875000
480053.000000
376187.458000
396262.458000
401939.750000
428799.542000
480565.000000
471064.333000
406338.291000
430491.208000
435847.791000
378478.208000
449713.666000
417228.958000
414939.458000
388765.791000
531729.542000
432411.667000
391685.000000
373637.292000
438185.875000
456364.042000
442968.709000
516656.500000
450277.250000
275028.083000
432355.666000
523622.583000
493207.875000
410906.125000
468010.792000
449300.375000
473446.875000
599707.917000
483511.583000
336504.084000
402489.750000
358524.458000
500271.042000
406933.167000
419804.834000
362593.375000
562780.250000
402679.500000
533429.833000
411434.459000
487462.334000
558306.334000
565701.166000
463724.125000
455729.917000
437899.333000
437429.792000
428772.542000
444742.833000
470969.875000
443653.083000
415930.917000
501308.250000
462951.750000
376465.125000
520313.291000
395119.083000
463796.000000
436884.584000
395625.375000
412076.750000
489674.583000
441224.792000
410522.583000
421300.167000
494835.875000
515529.083000
513682.125000
527315.375000
425215.583000
517279.875000
527179.500000
440929.292000
416392.542000
440206.083000
398540.459000
517587.625000
509354.500000
452506.583000
425332.083000
489113.167000
495733.042000
460444.083000
360543.917000
459378.250000
451257.833000
434683.459000
504786.750000
446255.500000
395179.750000
458764.834000
374947.875000
568615.375000
410829.500000
477769.958000
513270.000000
482936.250000
410104.791000
455682.375000
504015.250000
530778.875000
477399.417000
544754.959000
452936.375000
550037.542000
498445.000000
499779.875000
506534.333000
493896.334000
476010.167000
447059.583000
393219.542000
422676.459000
485273.375000
502198.625000
430781.583000
463500.541000
388330.833000
488086.333000
453126.875000
338594.625000
488261.375000
420303.292000
507139.083000
460612.583000
516669.667000
527855.833000
488684.042000
404494.458000
392423.500000
409101.333000
469534.875000
505748.167000
533058.250000
411093.666000
434484.708000
479227.208000
469079.333000
471447.292000
385088.167000
423584.666000
488912.959000
517209.166000
449386.708000
478695.500000
538949.541000
362177.666000
450884.375000
442825.042000
450293.417000
627303.500000
611863.375000
385191.000000
567908.417000
559489.209000
538656.292000
472286.459000
432600.458000
587673.708000
516357.000000
459873.084000
436341.583000
458028.084000
554865.250000
335893.416000
570431.875000
510892.584000
423313.542000
580649.375000
443462.459000
509119.083000
447187.459000
444265.167000
458558.584000
483942.417000
458833.125000
503399.459000
466105.417000
476959.000000
517089.958000
482352.583000
481391.583000
417936.541000
433126.375000
449503.084000
429598.000000
490878.958000
562416.583000
416662.500000
509842.209000
417144.667000
541974.250000
437936.416000
371430.917000
464918.250000
460467.333000
509788.958000
527930.333000
449443.792000
478531.125000
532079.042000
494676.042000
470483.833000
540538.541000
400331.667000
448460.292000
399611.750000
475585.458000
507551.208000
494853.042000
493230.209000
420268.666000
476302.625000
493294.750000
625277.291000
502897.125000
499116.333000
563567.916000
421640.542000
498728.709000
373950.042000
432352.834000
507455.666000
465969.166000
488477.417000
480416.667000
510057.625000
435662.334000
521659.750000
441727.875000
505992.625000
460943.208000
579529.667000
429217.709000
485451.708000
490180.625000
510555.042000
533429.917000
436334.208000
474678.250000
520867.459000
489292.834000
400932.958000
480221.917000
403185.375000
441516.208000
508634.750000
651334.791000
484958.916000
514327.667000
414652.875000
433280.209000
508296.209000
430650.041000
539045.667000
584313.500000
406170.042000
487871.750000
628530.625000
457931.166000
509353.291000
447578.833000
478844.750000
560951.375000
492473.958000
384630.375000
427226.375000
592436.084000
352885.541000
478111.041000
458811.625000
430479.875000
405517.875000
455299.375000
524742.291000
405323.042000
463947.000000
496911.000000
401401.667000
518529.666000
572107.708000
314621.792000
464793.084000
499488.500000
531646.875000
429692.792000
471159.834000
517179.666000
550360.458000
450089.083000
436292.458000
589694.875000
500710.708000
454897.417000
447199.333000
503313.416000
495648.000000
481875.416000
536047.375000
459286.708000
401630.792000
407228.041000
556954.666000
576019.666000
569373.917000
512067.791000
516125.708000
496505.791000
471012.625000
614770.792000
432077.667000
441762.084000
449636.542000
507392.958000
545072.625000
538514.792000
411122.208000
434984.417000
477953.042000
487498.750000
624051.750000
506979.708000
432061.500000
502878.834000
526262.042000
484902.500000
484856.958000
450214.291000
476092.666000
451790.500000
491403.375000
470679.833000
563645.958000
516179.208000
461917.166000
498330.459000
490316.333000
465379.833000
526030.250000
472184.208000
573523.000000
578669.334000
516060.250000
500590.833000
455664.000000
466216.875000
541537.417000
451050.083000
538440.625000
483553.917000
561487.167000
385990.375000
484054.042000
495031.583000
477050.500000
510564.292000
506435.292000
442016.792000
511332.917000
407364.292000
541158.667000
553557.875000
517607.875000
504831.625000
531938.834000
465564.166000
451594.958000
487817.375000
505510.209000
515757.542000
473178.125000
416027.292000
417193.500000
443184.458000
659553.375000
485291.667000
455113.042000
496818.792000
410090.834000
611094.208000
483526.708000
419402.083000
569754.417000
445805.000000
570345.000000
465613.584000
515461.625000
600308.292000
521643.209000
520903.250000
491196.416000
566630.542000
444512.250000
584371.833000
737600.667000
651001.000000
509016.958000
539442.167000
475125.750000
551267.083000
476977.833000
584227.375000
627906.708000
457289.791000
460303.333000
498622.583000
501875.292000
498795.708000
620997.792000
460234.375000
485971.459000
586740.167000
533822.459000
527568.750000
533247.042000
502030.083000
455202.208000
602511.084000
485942.125000
528035.250000
383703.375000
618863.709000
434968.042000
530750.208000
448153.458000
517832.167000
455610.459000
542008.834000
522057.792000
406816.416000
480171.417000
484144.584000
553894.000000
549623.417000
631445.250000
455614.959000
419536.208000
527008.125000
450252.291000
505174.333000
440829.709000
416467.291000
385092.959000
482260.250000
546625.458000
552286.333000
482110.667000
479878.541000
452241.584000
482954.625000
548396.666000
473206.250000
529603.250000
531925.750000
489290.917000
464494.291000
476806.750000
511615.250000
420673.417000
522088.458000
431081.333000
550186.708000
485820.708000
439084.000000
527065.250000
486841.166000
442377.000000
497446.584000
493757.667000
461543.917000
460530.959000
438216.209000
561792.375000
667872.042000
659004.125000
555743.584000
636188.875000
559593.625000
463864.625000
604125.916000
630419.542000
599902.041000
550234.666000
427490.791000
435319.583000
491110.250000
509923.459000
519180.625000
500395.333000
516210.875000
522874.584000
541823.542000
382278.792000
563669.875000
492972.959000
473517.875000
475850.917000
557842.833000
463064.792000
513710.042000
411067.875000
436058.375000
493305.416000
574509.375000
488585.500000
475155.916000
501508.875000
478962.375000
491434.292000
472262.375000
563279.083000
543381.209000
458773.500000
541395.375000
481210.750000
581945.709000
490720.708000
591720.125000
564431.542000
491485.875000
549820.750000
572110.917000
735348.833000
566992.000000
501255.542000
508487.833000
402581.000000
472684.208000
543994.167000
598692.791000
568951.375000
558565.292000
522380.291000
532598.959000
465394.292000
464122.125000
532735.167000
553063.333000
578790.666000
630843.500000
607284.000000
417897.208000
489673.625000
483537.458000
402657.250000
417568.375000
529263.375000
558187.833000
500719.083000
441599.041000
421425.291000
524906.583000
490861.750000
495409.584000
573077.750000
419918.792000
459934.084000
637633.166000
492803.459000
551103.167000
515813.542000
485569.500000
435897.958000
516833.292000
584156.041000
581570.083000
548586.708000
549310.041000
524756.375000
450733.166000
526076.541000
445359.834000
464233.208000
555640.167000
506210.666000
475063.791000
514946.458000
552419.541000
511235.417000
549844.750000
509907.875000
543966.584000
449532.583000
462682.166000
500308.833000
420809.167000
488149.166000
450340.000000
456964.042000
561275.125000
519192.625000
481022.666000
546489.041000
514995.916000
408479.167000
485784.792000
405035.417000
532239.292000
605869.459000
519739.166000
546941.500000
435749.209000
487408.750000
515690.125000
470973.333000
514819.791000
567000.125000
592719.208000
457660.917000
506171.000000
471276.542000
416216.083000
511686.458000
455417.583000
482435.458000
443565.709000
507704.417000
475485.917000
525941.083000
399578.916000
566932.417000
420750.875000
489810.250000
539539.042000
340516.375000
539293.542000
586311.125000
542648.959000
524909.833000
497269.541000
561943.416000
544656.292000
667369.083000
580582.375000
491062.250000
524690.875000
477507.542000
469602.458000
478047.666000
609029.666000
571411.458000
474666.333000
424818.625000
605563.958000
621962.000000
636570.125000
562142.292000
558354.292000
514384.000000
522554.875000
511832.500000
507202.167000
539686.875000
575588.834000
470165.417000
479214.416000
453816.833000
559307.750000
503738.208000
470465.292000
554043.625000
442766.459000
446086.875000
507614.916000
546585.917000
508057.875000
504743.541000
549912.958000
511261.625000
631609.875000
506895.208000
552524.542000
552645.625000
413795.625000
599279.709000
586567.542000
570739.542000
379534.625000
568327.792000
407437.208000
531224.209000
549094.833000
535417.334000
489692.500000
484430.417000
448230.708000
613321.958000
473110.792000
433641.209000
565434.458000
424590.917000
449354.459000
487889.417000
547519.875000
496482.583000
562906.042000
508903.208000
590116.625000
576814.791000
393101.708000
658007.875000
537951.042000
613445.416000
583260.667000
529148.917000
438801.125000
579383.208000
589595.416000
540019.625000
534757.333000
532096.083000
527506.292000
554415.625000
521785.250000
456347.375000
471817.291000
497233.667000
409463.208000
553574.500000
560488.791000
486400.584000
565568.084000
461636.500000
547988.833000
546945.834000
479672.375000
409447.833000
532662.166000
536673.958000
424488.958000
448275.375000
547319.750000
497694.542000
540306.083000
441478.416000
505935.208000
501421.417000
404637.459000
433637.500000
462706.333000
479544.209000
555421.583000
558752.875000
491868.959000
406247.000000
577340.750000
425978.625000
523437.584000
523423.125000
550865.542000
442051.833000
489653.042000
516779.542000
553959.333000
475662.416000
666392.167000
556172.584000
603201.625000
555247.292000
561258.792000
657446.375000
556401.333000
442543.708000
557997.833000
491260.250000
493425.916000
478179.209000
654245.709000
490668.250000
537731.375000
505390.792000
433021.000000
487880.625000
594020.791000
529532.500000
475515.042000
493357.375000
641939.042000
466422.042000
464889.750000
505062.625000
489698.875000
468418.625000
472806.333000
531419.291000
520835.667000
522420.709000
499858.541000
488012.500000
561529.500000
496589.916000
514188.417000
575675.417000
572323.750000
526903.792000
509836.666000
550731.166000
585546.667000
527407.792000
527821.375000
514651.000000
486925.500000
621395.542000
580145.000000
498378.917000
560707.917000
527258.166000
380361.667000
442899.375000
590392.750000
574163.833000
447412.916000
534322.125000
593972.417000
492900.250000
575520.500000
495839.833000
479864.791000
578605.542000
485221.375000
521560.333000
530227.542000
587571.000000
519178.916000
532485.916000
510434.375000
514699.791000
432008.208000
618490.333000
520772.250000
653806.792000
521564.250000
489344.000000
659934.500000
547287.916000
578060.833000
648402.458000
632481.917000
656364.500000
540503.208000
489329.625000
618895.500000
599343.417000
646428.500000
526163.709000
576629.209000
512547.625000
561020.375000
632517.167000
543566.125000
621179.459000
539665.542000
762875.458000
632313.666000
651339.208000
676325.542000
720281.083000
651518.416000
505793.333000
760672.709000
682009.625000
646057.458000
763998.375000
718244.667000
676330.209000
615546.500000
567830.958000
484807.042000
470209.333000
479731.542000
515920.375000
596164.250000
474725.958000
583455.334000
559106.833000
481860.250000
479926.417000
462474.833000
468053.083000
489350.167000
553711.958000
484262.209000
456314.334000
621786.041000
566399.083000
533392.416000
590710.750000
617520.125000
608472.875000
510680.500000
734954.167000
468283.833000
627815.583000
725028.416000
563767.041000
560040.000000
586969.792000
541583.250000
696460.000000
561799.000000
629490.458000
474128.833000
605510.916000
568638.459000
536710.083000
514700.291000
681499.417000
657188.333000
581996.667000
572575.792000
573493.541000
454712.416000
481783.000000
762479.500000
562656.834000
573582.291000
543265.041000
560985.458000
422779.375000
548353.708000
561835.917000
551719.625000
563002.709000
645746.791000
661382.916000
605731.333000
580342.791000
573733.125000
559573.333000
511382.000000
591281.334000
514865.541000
495618.250000
497897.167000
544348.750000
593313.375000
529662.667000
636972.875000
526941.791000
493385.333000
560731.417000
476625.458000
605012.334000
603754.042000
580720.292000
471068.375000
480689.375000
499237.333000
468504.000000
506705.209000
533864.375000
552069.125000
545111.166000
521862.000000
370868.167000
363433.375000
359208.417000
415170.458000
285056.500000
357806.583000
286779.833000
